-1.375 4.25927 0.66405 1.81264 -2.32473 0.472187
-1.25 4.13824 0.353982 0.771545 -0.902897 0.200991
-1.125 3.28062 3.89077 -9.81132 5.78044 -0.806041
-1 2.8919 13.7732 -2.39627 1.20222 -0.07214
-0.875 2.20737 7.66041 -2.64532 1.82216 -0.184658
-0.75 1.8647 12.3063 -1.76674 1.38567 -0.0977823
-0.625 1.33312 13.8013 -1.01119 1.22425 -0.0808917
-0.5 0.809197 8.10765 -0.50729 1.33795 -0.150047
-0.375 0.326839 6.00529 0.0666247 1.32431 -0.209142
-0.25 -0.100884 4.87626 0.603691 1.22865 -0.257289
-0.125 -0.502391 3.76034 1.084 1.04659 -0.321243
0 -0.881078 3.26531 1.51072 0.856566 -0.359262
0.125 -1.18394 2.53593 1.80071 0.59602 -0.440846
0.25 -1.38665 2.6788 2.04755 0.546295 -0.422778
0.375 -1.52016 2.32737 2.06538 0.362375 -0.448918
0.5 -1.61839 2.80684 2.09014 0.422005 -0.35509
0.625 -1.6561 4.00034 2.09718 0.573257 -0.244538
0.75 -1.6012 3.85295 1.89734 0.518365 -0.230205
0.875 -1.53047 5.73738 1.77979 0.624107 -0.148353
1 -1.45592 5.24458 1.65612 0.584993 -0.154406
1.125 -1.30377 7.94238 1.46679 0.634478 -0.0955739
1.25 -1.11401 7.39397 1.31008 0.63506 -0.101125
1.375 -0.901212 8.78432 1.1457 0.665759 -0.0844539
1.5 -0.731668 11.3028 0.965863 0.624741 -0.0590989
1.625 -0.432517 37.0492 0.758639 0.643284 -0.017568
1.75 -0.302475 11.917 0.678867 0.650054 -0.0559689
1.875 0.0164046 1486.76 0.467088 0.611608 -0.000411364
2 0.379128 -35.7013 0.244171 0.607913 0.0172105
