10 0.00100133
10.1 0.00100146
10.2 0.0010016
10.3 0.00100176
10.4 0.00100193
10.5 0.00100211
10.6 0.00100231
10.7 0.00100254
10.8 0.00100278
10.9 0.00100305
11 0.00100334
11.1 0.00100367
11.2 0.00100402
11.3 0.00100441
11.4 0.00100483
11.5 0.00100529
11.6 0.0010058
11.7 0.00100636
11.8 0.00100697
11.9 0.00100764
12 0.00100838
12.1 0.00100918
12.2 0.00101006
12.3 0.00101103
12.4 0.00101209
12.5 0.00101325
12.6 0.00101451
12.7 0.0010159
12.8 0.00101743
12.9 0.00101909
13 0.00102091
13.1 0.00102291
13.2 0.00102509
13.3 0.00102748
13.4 0.0010301
13.5 0.00103295
13.6 0.00103608
13.7 0.00103949
13.8 0.00104322
13.9 0.0010473
14 0.00105175
14.1 0.00105661
14.2 0.00106192
14.3 0.00106771
14.4 0.00107401
14.5 0.00108089
14.6 0.00108838
14.7 0.00109653
14.8 0.00110541
14.9 0.00111506
15 0.00112554
15.1 0.00113693
15.2 0.00114929
15.3 0.00116269
15.4 0.00117721
15.5 0.00119294
15.6 0.00120995
15.7 0.00122833
15.8 0.00124818
15.9 0.0012696
16 0.00129268
16.1 0.00131753
16.2 0.00134426
16.3 0.00137299
16.4 0.00140382
16.5 0.00143689
16.6 0.0014723
16.7 0.00151021
16.8 0.00155073
16.9 0.001594
17 0.00164017
17.1 0.0016894
17.2 0.00174182
17.3 0.0017976
17.4 0.00185689
17.5 0.00191987
17.6 0.00198673
17.7 0.00205766
17.8 0.00213281
17.9 0.00221242
18 0.00229673
18.1 0.00238591
18.2 0.00248019
18.3 0.00257992
18.4 0.00268526
18.5 0.00279654
18.6 0.00291402
18.7 0.00303805
18.8 0.00316899
18.9 0.00330717
19 0.003453
19.1 0.00360688
19.2 0.00376933
19.3 0.0039406
19.4 0.00412159
19.5 0.00431249
19.6 0.00451409
19.7 0.00472694
19.8 0.00495209
19.9 0.00518982
20 0.00544114
20.1 0.00570717
20.2 0.00598867
20.3 0.00628708
20.4 0.00660298
20.5 0.00693811
20.6 0.00729411
20.7 0.00767184
20.8 0.0080738
20.9 0.00850175
21 0.00895693
21.1 0.00944284
21.2 0.0099621
21.3 0.0105156
21.4 0.0111094
21.5 0.0117449
21.6 0.0124261
21.7 0.0131572
21.8 0.0139431
21.9 0.0147897
22 0.0157013
22.1 0.0166849
22.2 0.0177487
22.3 0.018899
22.4 0.0201422
22.5 0.021489
22.6 0.0229518
22.7 0.0245402
22.8 0.0262636
22.9 0.0281457
23 0.0301843
23.1 0.0324158
23.2 0.0348471
23.3 0.0374913
23.4 0.0403893
23.5 0.0435454
23.6 0.0469919
23.7 0.0507689
23.8 0.0548997
23.9 0.0594032
24 0.0643286
24.1 0.0697397
24.2 0.0756677
24.3 0.0821344
24.4 0.0892198
24.5 0.0970325
24.6 0.105518
24.7 0.114897
24.8 0.125089
24.9 0.136403
25 0.148531
25.1 0.162053
25.2 0.176833
25.3 0.193194
25.4 0.210825
25.5 0.230031
25.6 0.25133
25.7 0.274872
25.8 0.30076
25.9 0.329012
26 0.359517
26.1 0.393384
26.2 0.430849
26.3 0.470017
26.4 0.514568
26.5 0.565488
26.6 0.616896
26.7 0.674371
26.8 0.738597
26.9 0.810252
27 0.889948
27.1 0.969408
27.2 1.06445
27.3 1.16746
27.4 1.27734
27.5 1.41005
27.6 1.52921
27.7 1.69646
27.8 1.84023
27.9 2.01062
28 2.21579
28.1 2.41275
28.2 2.64814
28.3 2.93442
28.4 3.19334
28.5 3.50237
28.6 3.87763
28.7 4.17591
28.8 4.72059
28.9 5.17017
29 5.42868
29.1 6.03187
29.2 6.78585
